logH-red,D-red,logH-green,D-green,logH-blue,D=blue
-3.96992,0.187326,-3.97149,0.580815,-3.98899,0.840093
-3.90157,0.189047,-3.90314,0.580823,-3.92064,0.842956
-3.83322,0.190197,-3.83479,0.582544,-3.85229,0.842964
-3.76488,0.192489,-3.76645,0.583694,-3.78394,0.842972
-3.69653,0.195352,-3.6981,0.584844,-3.7156,0.845835
-3.62819,0.197644,-3.62975,0.587136,-3.64725,0.848128
-3.55984,0.201079,-3.56236,0.593426,-3.5789,0.848135
-3.49245,0.205655,-3.49497,0.598573,-3.51055,0.850428
-3.42505,0.210232,-3.42758,0.606576,-3.44316,0.855575
-3.35957,0.219377,-3.36114,0.616293,-3.37577,0.863578
-3.29313,0.229664,-3.29566,0.627722,-3.30934,0.873295
-3.2267,0.239952,-3.23113,0.640294,-3.2429,0.884724
-3.16121,0.251952,-3.16564,0.652866,-3.17742,0.896154
-3.09668,0.264524,-3.10111,0.66658,-3.11289,0.908726
-3.03215,0.277096,-3.03753,0.680864,-3.04836,0.921868
-2.96761,0.290238,-2.97395,0.696291,-2.98382,0.935582
-2.90499,0.306236,-2.91133,0.713432,-2.92025,0.95158
-2.84331,0.324519,-2.85155,0.732856,-2.85857,0.96872
-2.78163,0.343372,-2.79177,0.75228,-2.79689,0.987574
-2.72186,0.363368,-2.732,0.772276,-2.73807,1.00814
-2.66209,0.383934,-2.67413,0.793984,-2.6802,1.03042
-2.60326,0.4045,-2.64282,0.809407,-2.62422,1.05441
-2.54634,0.427351,-2.62196,0.820261,-2.57205,1.08012
-2.49132,0.451915,-2.5878,0.8334,-2.52083,1.10754
-2.4363,0.476478,-2.53658,0.860248,-2.46961,1.13438
-2.38128,0.501042,-2.48536,0.887095,-2.41839,1.16123
-2.32625,0.525035,-2.43414,0.913943,-2.36813,1.18922
-2.27218,0.550169,-2.38292,0.940791,-2.31976,1.21778
-2.21811,0.575304,-2.33265,0.968209,-2.27044,1.24634
-2.16404,0.599868,-2.28238,0.995628,-2.22017,1.27433
-2.10902,0.624431,-2.23116,1.02248,-2.16895,1.30118
-2.054,0.648424,-2.17899,1.04875,-2.11773,1.3286
-1.99993,0.673559,-2.13062,1.07731,-2.06746,1.35602
-1.94491,0.698693,-2.08035,1.1053,-2.01529,1.38229
-1.88989,0.722686,-2.03103,1.13329,-1.96312,1.40914
-1.83581,0.747249,-1.97981,1.16071,-1.91095,1.43599
-1.78174,0.772384,-1.92764,1.18756,-1.88059,1.44913
-1.72767,0.797519,-1.87642,1.21441,-1.85593,1.45998
-1.6736,0.822653,-1.8271,1.24182,-1.82842,1.47541
-1.61953,0.846646,-1.77683,1.26924,-1.7772,1.50225
-1.56546,0.87121,-1.72561,1.29609,-1.72598,1.5291
-1.51139,0.895773,-1.67439,1.32294,-1.67571,1.55652
-1.45636,0.919766,-1.62317,1.35036,-1.62354,1.5828
-1.40229,0.9449,-1.57195,1.37721,-1.57137,1.60964
-1.34917,0.970606,-1.52168,1.40462,-1.52015,1.63706
-1.2951,0.995741,-1.47236,1.43261,-1.46988,1.66448
-1.24008,1.0203,-1.42114,1.45946,-1.41771,1.69076
-1.18601,1.04487,-1.36897,1.48574,-1.36459,1.71646
-1.13099,1.06943,-1.31585,1.51201,-1.31147,1.74274
-1.07692,1.09514,-1.30353,1.52172,-1.25835,1.76845
-1.02475,1.12084,-1.25041,1.54743,-1.20618,1.79529
-0.970676,1.14541,-1.20204,1.57542,-1.15496,1.82271
-0.915653,1.16883,-1.15272,1.60398,-1.10374,1.84956
-0.861581,1.19339,-1.1015,1.6314,-1.05252,1.87641
-0.807511,1.21853,-1.05028,1.65882,-1.00035,1.90268
-0.754389,1.24366,-1.00001,1.68624,-0.949133,1.92953
-0.700319,1.2688,-0.94784,1.71251,-0.897913,1.95638
-0.646248,1.29393,-0.895671,1.73936,-0.846693,1.98323
-0.592176,1.31849,-0.842551,1.76564,-0.795473,2.01008
-0.538105,1.34306,-0.794182,1.7942,-0.744253,2.03692
-0.484034,1.36819,-0.743912,1.82162,-0.693033,2.06377
-0.430912,1.39333,-0.692692,1.84847,-0.642763,2.09119
-0.375891,1.41732,-0.641473,1.87588,-0.591543,2.11804
-0.320869,1.44131,-0.589303,1.90273,-0.539372,2.14431
-0.263946,1.46416,-0.539033,1.93015,-0.488152,2.17116
-0.207974,1.48701,-0.488764,1.95757,-0.437882,2.19858
-0.152001,1.51043,-0.436594,1.98442,-0.386662,2.22543
-0.0960294,1.53386,-0.385374,2.01126,-0.334492,2.2517
-0.0400574,1.55728,-0.334154,2.03811,-0.282322,2.27798
0.0168658,1.57956,-0.282934,2.06496,-0.228252,2.30369
0.0737881,1.60241,-0.231714,2.09181,-0.174182,2.32939
0.13166,1.62526,-0.179543,2.11808,-0.121061,2.3551
0.191433,1.64582,-0.126423,2.14379,-0.0669907,2.38023
0.245512,1.66582,-0.0723522,2.16892,-0.0138693,2.40537
0.305286,1.68639,-0.0192308,2.19406,0.0392512,2.43107
0.365061,1.70638,0.0338906,2.21919,0.0933229,2.45564
0.425786,1.72581,0.0879623,2.24376,0.149295,2.47906
0.485561,1.74523,0.142983,2.26832,0.205267,2.50248
5.45E-01,1.76523,0.198003,2.29346,0.261239,2.5259
0.607964,1.78179,0.252074,2.31859,0.316261,2.54989
0.671544,1.79665,0.307096,2.34258,0.372232,2.57389
0.735125,1.81094,0.364018,2.36543,0.430104,2.59674
0.800607,1.82351,0.42094,2.38828,0.488928,2.6173
0.866091,1.83551,0.477864,2.41056,0.550604,2.63559
0.82633,1.82441,0.535737,2.43227,0.613232,2.65216
0.890794,1.83687,0.595512,2.45227,0.675861,2.66815
0.956209,1.84877,0.657186,2.47169,0.739439,2.68415
,,0.717912,2.49055,0.802068,2.70015
,,0.779589,2.50826,0.864696,2.71672
,,0.842218,2.52425,0.927324,2.73329
,,0.905797,2.53968,0.990904,2.74871
,,0.968424,2.55682,,
,,0.948316,2.54503,,
