logH-red,D-red,logH-green,D-green,logH-blue,D=blue
-3.6,0.118893,-3.6,0.509764,-3.6,0.846146
-3.64522,0.124235,-3.5224,0.513595,-3.49016,0.852999
-3.5773,0.126554,-3.45542,0.518937,-3.42318,0.863632
-3.50937,0.129629,-3.38749,0.523523,-3.35619,0.871241
-3.44145,0.134215,-3.31956,0.528865,-3.28921,0.879606
-3.37352,0.140314,-3.25258,0.536475,-3.22222,0.889483
-3.30653,0.148679,-3.18559,0.544084,-3.15618,0.900115
-3.23955,0.1578,-3.11861,0.551693,-3.08919,0.909992
-3.17256,0.166165,-3.05162,0.560058,-3.02221,0.92138
-3.10558,0.175286,-2.98464,0.569935,-2.95711,0.934279
-3.03859,0.186674,-2.91765,0.581323,-2.89106,0.94869
-2.97255,0.199574,-2.85161,0.594979,-2.82502,0.962346
-2.90745,0.213228,-2.78556,0.608634,-2.75897,0.976001
-2.8414,0.226884,-2.71952,0.623045,-2.69482,0.991923
-2.7763,0.240538,-2.65536,0.638211,-2.62971,1.0086
-2.71026,0.254194,-2.5912,0.655644,-2.56461,1.02528
-2.64516,0.270116,-2.52798,0.676856,-2.50139,1.04347
-2.581,0.286793,-2.46665,0.700334,-2.43818,1.06317
-2.51589,0.304227,-2.40626,0.724567,-2.37496,1.08438
-2.45173,0.323172,-2.34587,0.749556,-2.31363,1.10786
-2.38852,0.343628,-2.28548,0.775301,-2.25324,1.13285
-2.3253,0.364084,-2.22604,0.802557,-2.19285,1.15783
-2.26208,0.38454,-2.16753,0.830568,-2.13152,1.18282
-2.19981,0.407263,-2.10997,0.859334,-2.07113,1.20933
-2.13848,0.431497,-2.05335,0.888099,-2.01357,1.23734
-2.07809,0.456486,-1.99485,0.91611,-1.95695,1.26686
-2.01864,0.482986,-1.93635,0.944121,-1.89939,1.29638
-1.96108,0.510996,-1.87879,0.972887,-1.84183,1.3259
-1.90352,0.539762,-1.82123,1.00241,-1.78427,1.35542
-1.84502,0.567773,-1.76461,1.03269,-1.72859,1.3857
-1.78745,0.597295,-1.70799,1.06221,-1.67197,1.41673
-1.73084,0.627572,-1.65137,1.09173,-1.6163,1.44701
-1.67422,0.657849,-1.59475,1.12201,-1.56062,1.47728
-1.6176,0.688126,-1.53814,1.15228,-1.50495,1.50832
-1.56192,0.719158,-1.48152,1.18332,-1.45022,1.54086
-1.50531,0.749436,-1.4249,1.21359,-1.39548,1.5734
-1.44869,0.780468,-1.36922,1.24387,-1.33981,1.60519
-1.39207,0.810746,-1.31355,1.27566,-1.28508,1.63698
-1.3364,0.841778,-1.25787,1.30669,-1.2294,1.66877
-1.28072,0.87281,-1.2022,1.33772,-1.17373,1.70056
-1.22505,0.903842,-1.14652,1.368,-1.11899,1.7331
-1.16937,0.93563,-1.09085,1.39979,-1.0652,1.7664
-1.11369,0.966663,-1.03612,1.43233,-1.01236,1.79969
-1.05802,0.997695,-0.980442,1.46336,-0.957626,1.83224
-1.00235,1.02797,-0.924767,1.49439,-0.901951,1.86327
-0.947613,1.05976,-0.870034,1.52694,-0.847219,1.89581
-0.892881,1.0923,-0.814359,1.55873,-0.794373,1.92911
-0.837206,1.12333,-0.758684,1.59051,-0.740583,1.96317
-0.781531,1.15437,-0.703951,1.62306,-0.685851,1.99571
-0.725856,1.18615,-0.648276,1.6556,-0.630176,2.02674
-0.67018,1.21794,-0.593544,1.68739,-0.575444,2.05928
-0.615448,1.24973,-0.538811,1.71993,-0.522597,2.09334
-0.559773,1.28076,-0.484079,1.75172,-0.468808,2.12739
-0.504098,1.31179,-0.429347,1.78351,-0.415019,2.16069
-0.449366,1.34434,-0.374615,1.81605,-0.36123,2.19248
-0.394634,1.37613,-0.319883,1.84784,-0.307441,2.22502
-0.339902,1.40867,-0.265151,1.87887,-0.254595,2.25832
-0.285169,1.44121,-0.210419,1.91141,-0.200806,2.29086
-0.229494,1.47224,-0.155686,1.94471,-0.14796,2.32491
-0.172876,1.50252,-0.101897,1.97801,-0.0951137,2.35897
-0.118144,1.53431,-0.0481082,2.01055,-0.041324,2.39302
-0.0634122,1.5661,0.00662339,2.04158,0.0124652,2.42632
-0.00867989,1.59864,0.0604123,2.07413,0.0662545,2.45962
0.0460524,1.63118,0.115145,2.10743,0.120044,2.49292
0.101727,1.66221,0.168935,2.14148,0.173833,2.52621
0.157402,1.69325,0.223667,2.17402,0.227622,2.55951
0.212135,1.72579,0.278399,2.20505,0.281412,2.59357
0.266867,1.75758,0.332188,2.2376,0.336145,2.62687
0.321599,1.78937,0.385977,2.2709,0.388991,2.66016
0.376331,1.82191,0.438823,2.30495,0.441837,2.69346
0.431063,1.85445,0.493555,2.33749,0.495626,2.72676
0.485795,1.88624,0.548288,2.37004,0.548472,2.76006
0.540527,1.91803,0.602077,2.40333,0.600375,2.79487
0.596202,1.94906,0.655866,2.43588,0.653221,2.82892
0.651878,1.98085,0.710598,2.46842,0.706067,2.86297
0.705667,2.01339,0.764388,2.50172,0.758914,2.89778
0.760399,2.04593,0.818177,2.53502,0.812703,2.93108
0.816074,2.07772,0.871967,2.56907,0.866493,2.96438
8.72E-01,2.10875,0.926699,2.60161,0.919339,2.99843
0.926482,2.1413,0.981431,2.63416,0.972185,3.03324
0.981214,2.1746,1.03522,2.66746,1.02597,3.06654
1.03689,2.20714,1.08901,2.70075,1.07976,3.09984
1.09257,2.23893,1.14186,2.73405,1.13167,3.13465
1.1473,2.27071,1.19564,2.76735,1.18451,3.1687
1.20297,2.30326,1.24849,2.8014,1.2383,3.202
1.25865,2.33505,1.30134,2.83546,1.29209,3.23605
1.31338,2.36683,1.35796,2.86498,1.344,3.27086
