logH-red,D-red,logH-green,D-green,logH-blue,D=blue
-3.6,0.164382,-3.6,0.40683,-3.6,0.885146
-3.55532,0.168474,-3.52899,0.404458,-3.60396,0.886814
-3.49715,0.168527,-3.47082,0.405318,-3.54659,0.891714
-3.43898,0.169387,-3.41265,0.406986,-3.48841,0.897423
-3.38081,0.172671,-3.35448,0.407847,-3.43103,0.903939
-3.32263,0.175956,-3.2963,0.410323,-3.37366,0.911264
-3.26445,0.180049,-3.23893,0.414415,-3.31628,0.919396
-3.20708,0.186565,-3.18076,0.419316,-3.2589,0.929953
-3.1489,0.193082,-3.12257,0.425833,-3.20313,0.942932
-3.09152,0.200406,-3.06519,0.434773,-3.14655,0.955912
-3.03415,0.20773,-3.00862,0.446945,-3.08997,0.968892
-2.97677,0.216671,-2.95203,0.462349,-3.03339,0.983488
-2.91938,0.228035,-2.89626,0.478561,-2.9768,0.998085
-2.8628,0.241015,-2.84048,0.495581,-2.92102,1.0151
-2.80622,0.255612,-2.7855,0.515024,-2.86605,1.03455
-2.75044,0.271015,-2.73294,0.538506,-2.81107,1.05399
-2.69467,0.288035,-2.68118,0.566027,-2.7569,1.07505
-2.6405,0.307477,-2.63183,0.596778,-2.70273,1.09692
-2.58632,0.330152,-2.58249,0.628338,-2.64855,1.11798
-2.53376,0.354442,-2.53395,0.659896,-2.59438,1.13984
-2.4812,0.37954,-2.4838,0.68984,-2.54021,1.16171
-2.42944,0.406253,-2.43365,0.719784,-2.48604,1.18277
-2.37848,0.43539,-2.38511,0.751343,-2.43186,1.20463
-2.32752,0.464526,-2.33577,0.782903,-2.37769,1.22731
-2.27657,0.492855,-2.28642,0.813654,-2.32513,1.2516
-2.22561,0.521183,-2.23627,0.843598,-2.27256,1.2767
-2.17466,0.55032,-2.18773,0.875157,-2.21919,1.30099
-2.1237,0.578649,-2.1392,0.906715,-2.16582,1.32609
-2.07275,0.606169,-2.08905,0.937468,-2.11406,1.35118
-2.02179,0.634498,-2.03889,0.967412,-2.0615,1.37709
-1.97164,0.664442,-1.98955,0.998971,-2.00974,1.40461
-1.92069,0.69277,-1.94182,1.03053,-1.95878,1.43375
-1.86893,0.720291,-1.89248,1.06047,-1.90863,1.46369
-1.81716,0.748621,-1.84233,1.09042,-1.85848,1.49363
-1.76621,0.777757,-1.79298,1.12198,-1.80833,1.52277
-1.71525,0.806894,-1.74363,1.15434,-1.75818,1.55271
-1.66429,0.836031,-1.69348,1.1851,-1.70884,1.58347
-1.61334,0.865167,-1.64333,1.21504,-1.65868,1.61422
-1.56238,0.894304,-1.59318,1.2466,-1.60853,1.64335
-1.51143,0.923441,-1.54464,1.27816,-1.55919,1.67249
-1.46047,0.952577,-1.4953,1.3081,-1.50985,1.70243
-1.40951,0.981714,-1.44515,1.33885,-1.46051,1.73318
-1.35856,1.00923,-1.39661,1.37041,-1.41116,1.76474
-1.30761,1.03595,-1.34807,1.40116,-1.36182,1.7963
-1.25665,1.06347,-1.29792,1.43192,-1.31167,1.82625
-1.2057,1.09099,-1.24858,1.46347,-1.26152,1.85619
-1.15474,1.12012,-1.20084,1.49584,-1.21217,1.88694
-1.10379,1.14845,-1.1515,1.52659,-1.16283,1.91769
-1.05283,1.17759,-1.10135,1.55654,-1.11348,1.94844
-1.00268,1.20673,-1.05201,1.58729,-1.06414,1.9792
-0.951729,1.23505,-1.00347,1.61885,-1.0148,2.00995
-0.901581,1.26419,-0.953317,1.64879,-0.965452,2.0407
-0.850626,1.29252,-0.903167,1.67873,-0.9153,2.07145
-0.799671,1.32085,-0.854631,1.70948,-0.865956,2.1022
-0.749522,1.34998,-0.806092,1.74185,-0.816612,2.13295
-0.699374,1.37912,-0.757554,1.77341,-0.767267,2.16451
-0.648421,1.40664,-0.707402,1.80416,-0.717923,2.19526
-0.597466,1.43497,-0.658057,1.83572,-0.667773,2.22521
-0.548125,1.4641,-0.609519,1.86728,-0.618429,2.25596
-0.497978,1.49243,-0.560175,1.89803,-0.569889,2.28833
-0.447023,1.52076,-0.510025,1.92798,-0.520545,2.31908
-0.396067,1.5499,-0.461487,1.95953,-0.470395,2.34902
-0.345918,1.57903,-0.412949,1.99109,-0.421051,2.37977
-0.295769,1.60817,-0.362799,2.02104,-0.372512,2.41214
-0.244814,1.6365,-0.313457,2.05098,-0.323166,2.4437
-0.193858,1.66563,-0.264919,2.08254,-0.273016,2.47364
-0.142905,1.69315,-0.215575,2.11329,-0.223672,2.50439
-0.0911452,1.71987,-0.166231,2.14404,-0.175134,2.53595
-0.039384,1.74739,-0.117695,2.17479,-0.125789,2.56751
0.0107646,1.77652,-0.0675447,2.20474,-0.0756368,2.59827
0.0617195,1.80485,-0.0173928,2.23549,-0.0262944,2.62821
0.112676,1.83399,0.0311465,2.26786,0.0222433,2.65977
0.163632,1.86313,0.0796842,2.29941,0.0715889,2.69133
0.213781,1.89226,0.129834,2.32936,0.121739,2.72127
0.264736,1.92059,0.179985,2.3593,0.171888,2.75041
0.314885,1.94973,0.229329,2.39005,,
,,0.277866,2.42161,,
,,0.328015,2.45075,,
,,,,,
