logH-red,D-red,logH-green,D-green,logH-blue,D=blue
-3.53048,0.131467,-3.52184,0.450382,-3.53204,0.723494
-3.45463,0.133164,-3.37014,0.452926,-3.45619,0.726039
-3.37879,0.139949,-3.29429,0.454623,-3.38034,0.726887
-3.22816,0.146735,-3.21844,0.457167,-3.30449,0.727735
-3.15338,0.154368,-3.1426,0.46056,-3.22864,0.73028
-3.0786,0.162002,-3.06676,0.465649,-3.1528,0.733673
-3.00382,0.17218,-2.99092,0.472434,-3.07695,0.737913
-2.92905,0.183206,-2.91614,0.478372,-3.00111,0.741306
-2.85429,0.195081,-2.8403,0.485157,-2.92527,0.744699
-2.77952,0.207803,-2.76553,0.495335,-2.85048,0.749788
-2.70687,0.22307,-2.69076,0.507209,-2.7757,0.756573
-2.63316,0.238338,-2.61705,0.521628,-2.70092,0.765055
-2.55945,0.253605,-2.5444,0.537744,-2.62615,0.775233
-2.48681,0.270568,-2.47175,0.554707,-2.55138,0.787956
-2.41522,0.290076,-2.40122,0.575912,-2.47873,0.803223
-2.34363,0.310433,-2.33175,0.600509,-2.40608,0.821035
-2.27205,0.330789,-2.26229,0.626802,-2.33555,0.842239
-2.20046,0.351993,-2.19388,0.653944,-2.26714,0.868533
-2.12993,0.373198,-2.12759,0.682782,-2.19979,0.897371
-2.05941,0.396947,-2.06341,0.714165,-2.13456,0.927905
-1.98994,0.421544,-1.99923,0.746395,-2.06932,0.959288
-1.92259,0.449534,-1.93505,0.780322,-2.00514,0.991518
-1.8563,0.47922,-1.87087,0.813401,-1.94096,1.0246
-1.78895,0.508058,-1.80669,0.845632,-1.87889,1.05852
-1.7216,0.536896,-1.74357,0.877863,-1.81577,1.0933
-1.65531,0.56743,-1.68044,0.910941,-1.75371,1.12892
-1.59007,0.598813,-1.61732,0.94402,-1.69165,1.16455
-1.52589,0.630195,-1.5542,0.977947,-1.62958,1.19932
-1.46066,0.661578,-1.49107,1.01103,-1.56752,1.2341
-1.39647,0.69296,-1.42689,1.04326,-1.50545,1.26887
-1.33124,0.724343,-1.36271,1.07549,-1.44549,1.3045
-1.266,0.754877,-1.29959,1.10941,-1.38448,1.34012
-1.20076,0.785411,-1.23647,1.14334,-1.32242,1.37489
-1.13658,0.817642,-1.17335,1.17642,-1.26035,1.41052
-1.0724,0.849873,-1.11023,1.21035,-1.19934,1.44699
-1.00716,0.880407,-1.0471,1.24427,-1.13833,1.48261
-0.941927,0.910941,-0.982926,1.27735,-1.07732,1.51824
-0.877748,0.943172,-0.918749,1.31043,-1.01631,1.55301
-0.813568,0.975403,-0.855627,1.34436,-0.953192,1.58779
-0.749388,1.00763,-0.792505,1.37829,-0.891128,1.62341
-0.685208,1.03986,-0.729383,1.41221,-0.829062,1.65818
-0.621028,1.07209,-0.666261,1.44614,-0.766998,1.69381
-0.554739,1.10348,-0.603137,1.47922,-0.704934,1.72943
-0.489502,1.13401,-0.540013,1.5123,-0.642866,1.76336
-0.424266,1.16539,-0.476894,1.54707,-0.5808,1.79813
-0.359031,1.19678,-0.413772,1.581,-0.518734,1.83291
-0.294853,1.22986,-0.35065,1.61493,-0.456668,1.86768
-0.231729,1.26293,-0.287526,1.64801,-0.394602,1.90246
-0.166494,1.29432,-0.224402,1.68109,-0.332536,1.93723
-0.101258,1.3257,-0.161281,1.71501,-0.27047,1.97201
-0.0360227,1.35708,-0.0981588,1.74894,-0.207348,2.00594
0.0292151,1.38762,-0.035037,1.78287,-0.14528,2.03986
0.0933948,1.41985,0.027029,1.81764,-0.0821603,2.07464
0.157572,1.45293,0.0901485,1.85242,-0.0190386,2.10857
0.221752,1.48516,0.15327,1.88634,0.0440832,2.14249
0.286988,1.51654,0.215339,1.92027,0.107205,2.17642
0.351167,1.54877,0.27846,1.9542,0.168215,2.21204
0.415347,1.581,0.341582,1.98813,0.230281,2.24682
0.479529,1.61238,0.404704,2.02205,0.292349,2.28075
0.543711,1.64377,0.467826,2.05598,0.355471,2.31467
0.608947,1.67515,0.529894,2.08991,0.418593,2.3486
0.673129,1.70653,0.591962,2.12383,0.480659,2.38338
0.737306,1.73961,0.655084,2.15776,0.542725,2.41815
0.800432,1.77184,0.71715,2.19254,0.604791,2.45293
0.865668,1.80322,0.780269,2.22731,0.666855,2.48855
0.930906,1.83376,0.843391,2.26124,0.729977,2.52248
0.995085,1.86599,0.905457,2.29601,0.792045,2.5564
1.05926,1.89907,0.967523,2.33079,0.854113,2.59033
1.12239,1.93215,1.02959,2.36556,0.916179,2.62511
1.18657,1.96438,1.09166,2.39949,0.978245,2.65988
1.25075,1.99661,1.15372,2.43427,1.04031,2.69466
1.31493,2.02884,1.21579,2.46819,1.10237,2.73028
1.37911,2.06107,1.27891,2.50297,1.16444,2.76506
,,1.33886,2.54029,1.22545,2.80068
,,,,1.28646,2.8363
