logH-red,D-red,logH-green,D-green,logH-blue,D=blue
-3.59971,0.17223,-3.5754,0.507216,-3.63961,0.781109
-3.53968,0.17142,-3.41536,0.513088,-3.57958,0.780299
-3.48047,0.176456,-3.35616,0.517289,-3.51954,0.78283
-3.42043,0.183999,-3.29612,0.51982,-3.4595,0.787031
-3.36039,0.190706,-3.23608,0.523186,-3.39946,0.788726
-3.30119,0.199083,-3.17521,0.528223,-3.33942,0.787081
-3.24198,0.209966,-3.11517,0.530754,-3.28022,0.791282
-3.18278,0.217508,-3.05847,0.52326,-3.22018,0.796319
-3.12524,0.234237,-3.04012,0.535797,-3.16098,0.801355
-3.06603,0.245955,-2.98092,0.542503,-3.10094,0.805556
-3.00849,0.259343,-2.92255,0.553386,-3.04173,0.811428
-2.95262,0.276071,-2.86417,0.567609,-2.98253,0.81897
-2.89592,0.296976,-2.80663,0.584338,-2.92332,0.829017
-2.84004,0.317881,-2.74993,0.603573,-2.86495,0.842406
-2.78334,0.337115,-2.69572,0.626147,-2.80658,0.856629
-2.72663,0.357185,-2.64235,0.652897,-2.7482,0.873358
-2.67076,0.37976,-2.58814,0.677977,-2.6915,0.893428
-2.61572,0.403169,-2.53727,0.709738,-2.63812,0.919343
-2.56068,0.426579,-2.48723,0.743169,-2.58642,0.947763
-2.50564,0.449989,-2.43636,0.774929,-2.53388,0.976183
-2.4506,0.474234,-2.38382,0.805856,-2.48134,1.00544
-2.39556,0.497644,-2.33212,0.836781,-2.4313,1.0372
-2.34052,0.522725,-2.27958,0.867707,-2.3821,1.07063
-2.28715,0.549475,-2.22454,0.896964,-2.33373,1.10573
-2.23461,0.577895,-2.18034,0.933733,-2.28452,1.14
-2.18207,0.60548,-2.15031,0.954627,-2.23532,1.1751
-2.1287,0.633901,-2.10111,0.988058,-2.18778,1.2102
-2.07616,0.663992,-2.05107,1.02232,-2.13941,1.2453
-2.02529,0.695753,-2.00103,1.05575,-2.09187,1.28123
-1.97525,0.728348,-1.95183,1.08918,-2.04434,1.31884
-1.92438,0.759274,-1.90179,1.12262,-1.99597,1.35478
-1.87184,0.7902,-1.85175,1.15605,-1.94676,1.38904
-1.82097,0.82196,-1.80338,1.19198,-1.89839,1.42414
-1.77093,0.855391,-1.75334,1.22625,-1.85085,1.46008
-1.72089,0.887987,-1.70414,1.25968,-1.80248,1.49518
-1.67085,0.921417,-1.6541,1.29394,-1.75328,1.53028
-1.62081,0.954848,-1.60239,1.32487,-1.70491,1.56621
-1.57078,0.987444,-1.55152,1.35245,-1.65737,1.60299
-1.52157,1.02171,-1.50649,1.38338,-1.60566,1.63475
-1.47237,1.05598,-1.46479,1.42015,-1.55062,1.66066
-1.424,1.09191,-1.42059,1.45775,-1.50476,1.68991
-1.37479,1.12701,-1.37221,1.49369,-1.48974,1.73586
-1.32559,1.16211,-1.32218,1.52628,-1.47556,1.73002
-1.27805,1.19805,-1.27214,1.55888,-1.42803,1.76679
-1.23051,1.23482,-1.2221,1.59147,-1.37965,1.80189
-1.18131,1.27076,-1.17123,1.62323,-1.33128,1.83783
-1.1321,1.30502,-1.12036,1.65499,-1.28208,1.87376
-1.08457,1.34096,-1.07032,1.68926,-1.23454,1.91053
-1.03786,1.37773,-1.02195,1.72436,-1.18867,1.94814
-0.991158,1.417,-0.972742,1.75863,-1.14113,1.98407
-0.944455,1.45461,-0.923538,1.79289,-1.08609,2.00915
-0.896084,1.4872,-0.874333,1.82716,-1.04189,2.0501
-0.847714,1.51896,-0.825129,1.86142,-0.995188,2.08687
-0.799344,1.55323,-0.775924,1.89736,-0.946817,2.12197
-0.750972,1.58916,-0.726719,1.9333,-0.898446,2.15791
-0.701768,1.6251,-0.677514,1.96756,-0.850075,2.19301
-0.653397,1.66104,-0.62831,2.00183,-0.801704,2.22811
-0.602524,1.69447,-0.579939,2.03693,-0.753333,2.26404
-0.551653,1.72372,-0.532402,2.0737,-0.704962,2.29998
-0.504951,1.75465,-0.484864,2.10963,-0.655758,2.33508
-0.460749,1.79142,-0.436494,2.14474,-0.607387,2.37102
-0.414879,1.82819,-0.388123,2.179,-0.559849,2.40695
-0.366508,1.86412,-0.338918,2.2141,-0.510645,2.44205
-0.317304,1.89839,-0.290547,2.25004,-0.460606,2.47548
-0.267265,1.93265,-0.242176,2.28681,-0.411402,2.51058
-0.217227,1.96692,-0.193805,2.32358,-0.363864,2.54735
-0.168856,2.00202,-0.146267,2.36035,-0.315493,2.58329
-0.120485,2.03712,-0.0978962,2.39629,-0.267122,2.61839
-0.0712805,2.07139,-0.0495251,2.43222,-0.219585,2.65349
-0.0229097,2.10649,-0.00115388,2.46899,-0.171214,2.68859
0.0246275,2.14242,0.0463835,2.50576,-0.12201,2.72369
0.0729984,2.17752,0.0930872,2.54337,-0.072805,2.75879
0.121369,2.21346,0.139791,2.58181,-0.0236002,2.79389
0.168907,2.25023,0.184827,2.62109,0.0247707,2.829
0.218112,2.28533,,,0.0748087,2.86159
,,,,0.124847,2.89502
,,,,0.170717,2.9343
,,,,,
,,,,,
