logH-red,D-red,logH-green,D-green,logH-blue,D=blue
-3.6125,0.132971,-3.61326,0.411705,-3.60781,0.728025
-3.56834,0.139255,-3.56847,0.412353,-3.56302,0.728672
-3.52355,0.137397,-3.52368,0.412374,-3.51823,0.731199
-3.47876,0.141803,-3.47889,0.412395,-3.47344,0.732472
-3.43522,0.152472,-3.4341,0.414295,-3.42865,0.734373
-3.43459,0.136186,-3.38931,0.418074,-3.38386,0.736273
-3.39105,0.154998,-3.34452,0.418721,-3.33907,0.738173
-3.34689,0.156898,-3.30035,0.4225,-3.29428,0.740699
-3.30334,0.158171,-3.25557,0.426906,-3.24949,0.744479
-3.25917,0.158818,-3.21078,0.430685,-3.2047,0.748884
-3.21501,0.161344,-3.16599,0.435717,-3.15992,0.752663
-3.17022,0.165123,-3.12182,0.441375,-3.11513,0.757069
-3.12668,0.17266,-3.07766,0.448913,-3.07096,0.762727
-3.08438,0.185834,-3.03412,0.457702,-3.0268,0.770264
-3.04146,0.197129,-2.98995,0.466492,-2.98263,0.777802
-2.9973,0.204666,-2.94579,0.475908,-2.93847,0.786592
-2.95375,0.21095,-2.90225,0.486577,-2.89493,0.796008
-2.91021,0.218487,-2.85933,0.499751,-2.85139,0.806676
-2.86605,0.227277,-2.81704,0.51543,-2.80847,0.820477
-2.82251,0.237319,-2.77537,0.532988,-2.76618,0.836156
-2.77959,0.247988,-2.73494,0.551798,-2.7245,0.852461
-2.73605,0.259909,-2.69451,0.570608,-2.68345,0.870019
-2.69375,0.273709,-2.65346,0.590045,-2.64365,0.889455
-2.65146,0.287509,-2.61366,0.611987,-2.60385,0.91077
-2.60978,0.301935,-2.5751,0.636433,-2.56591,0.93459
-2.56811,0.317614,-2.53592,0.654617,-2.5286,0.959036
-2.52644,0.333293,-2.49362,0.647746,-2.49004,0.98223
-2.48477,0.349598,-2.49113,0.654011,-2.45148,1.00542
-2.44372,0.367156,-2.4787,0.68972,-2.41417,1.02924
-2.40267,0.384087,-2.44575,0.717922,-2.37748,1.05432
-2.36224,0.402271,-2.40595,0.741117,-2.34078,1.08001
-2.32368,0.424838,-2.36676,0.764937,-2.30409,1.10571
-2.28699,0.449284,-2.33007,0.789383,-2.26678,1.13141
-2.24905,0.472478,-2.29276,0.815082,-2.23009,1.15774
-2.20987,0.494419,-2.25545,0.840154,-2.1934,1.18343
-2.17131,0.51636,-2.21876,0.865226,-2.15671,1.20976
-2.13338,0.539554,-2.18144,0.890925,-2.12064,1.23671
-2.0942,0.562121,-2.16154,0.902835,-2.08395,1.26303
-2.05439,0.58281,-2.14413,0.915997,-2.04788,1.28936
-2.01521,0.604125,-2.12485,0.928533,-2.01181,1.31568
-1.97728,0.627319,-2.10744,0.942948,-1.97512,1.34138
-1.93996,0.651765,-2.08878,0.954858,-1.93905,1.36771
-1.90265,0.676211,-2.05271,0.981182,-1.90298,1.39466
-1.86534,0.700657,-2.01602,1.00563,-1.86629,1.42098
-1.8274,0.72385,-1.97809,1.02945,-1.83022,1.44731
-1.78822,0.746418,-1.94015,1.05389,-1.79416,1.47363
-1.75028,0.770238,-1.90346,1.07959,-1.75684,1.49933
-1.71421,0.795936,-1.86615,1.10529,-1.72015,1.52565
-1.6769,0.820382,-1.82883,1.13036,-1.68408,1.55261
-1.63834,0.841696,-1.79152,1.15606,-1.64802,1.57956
-1.6004,0.86489,-1.75421,1.18176,-1.61195,1.60839
-1.56371,0.890588,-1.71689,1.20746,-1.58956,1.62468
-1.52578,0.915035,-1.6802,1.23316,-1.5765,1.63972
-1.48784,0.937602,-1.64289,1.25886,-1.55162,1.64788
-1.45177,0.962047,-1.6062,1.28393,-1.51618,1.67483
-1.41508,0.987746,-1.56951,1.30963,-1.48073,1.70303
-1.37714,1.01094,-1.53282,1.3347,-1.44466,1.72998
-1.33983,1.03413,-1.49799,1.35914,-1.40735,1.75631
-1.30314,1.0592,-1.4613,1.38484,-1.37128,1.78263
-1.26582,1.0824,-1.42461,1.41054,-1.33584,1.81021
-1.22851,1.10622,-1.38792,1.43624,-1.29977,1.83716
-1.19244,1.13254,-1.3506,1.46069,-1.26246,1.86223
-1.15637,1.15887,-1.31267,1.48451,-1.22763,1.89043
-1.11844,1.18269,-1.27598,1.50958,-1.19094,1.91676
-1.07863,1.20338,-1.24053,1.5359,-1.15487,1.94371
-1.03883,1.22344,-1.20446,1.56223,-1.12005,1.97066
-1.00214,1.24788,-1.18456,1.57476,-1.08398,1.99698
-0.969181,1.27671,-1.16777,1.58792,-1.04729,2.02268
-0.934357,1.30429,-1.14849,1.60171,-1.0106,2.04901
-0.896421,1.32748,-1.11118,1.62679,-0.974531,2.07596
-0.859107,1.35068,-1.07449,1.65186,-0.938462,2.10291
-0.82366,1.377,-1.0378,1.67756,-0.902394,2.12923
-0.787592,1.40332,-1.00111,1.70325,-0.866325,2.15556
-0.749033,1.42589,-0.964415,1.72833,-0.830257,2.18188
-0.711097,1.44908,-0.927102,1.7534,-0.794188,2.20883
-0.67316,1.47228,-0.890411,1.77972,-0.75812,2.23516
-0.635224,1.49547,-0.85372,1.80542,-0.722051,2.26211
-0.597911,1.52054,-0.816406,1.82987,-0.685983,2.28843
-5.62E-01,1.54624,-0.779716,1.85619,-0.649914,2.31538
-0.527018,1.57319,-0.743025,1.88189,-0.613846,2.34296
-0.490948,1.59826,-0.706334,1.90759,-0.576533,2.36866
-0.453012,1.62083,-0.669021,1.93329,-0.538597,2.39123
-0.41632,1.64465,-0.631707,1.95836,-0.503772,2.41567
-0.379629,1.66972,-0.594394,1.98343,-0.470814,2.44387
-0.342315,1.69292,-0.557081,2.00976,-0.436613,2.47208
-0.305001,1.71674,-0.519768,2.03546,-0.401167,2.49903
-0.26831,1.74243,-0.499247,2.05113,-0.365098,2.52535
-0.230374,1.76625,-0.482455,2.06116,-0.329029,2.55168
-0.192437,1.78882,-0.461933,2.0762,-0.293583,2.57863
-0.156368,1.81452,-0.425242,2.10127,-0.256892,2.60495
-0.120923,1.84272,-0.387929,2.12697,-0.220202,2.6319
0.104208,1.97938,-0.350616,2.15267,-0.184756,2.65885
0.139032,2.00758,-0.313925,2.17837,-0.148687,2.68518
0.176345,2.03203,-0.276612,2.20344,-0.111996,2.71088
0.215526,2.05459,-0.239921,2.22914,-0.075928,2.73783
0.253462,2.07904,-0.20323,2.25484,-0.0404818,2.76478
0.288907,2.10724,-0.166539,2.28116,-0.00379115,2.7911
,,-0.129226,2.30686,0.0328995,2.81743
,,-0.0925352,2.33256,0.0689678,2.84438
,,-0.055844,2.35763,0.105036,2.87133
,,-0.019153,2.38333,0.141727,2.89765
,,0.0181601,2.40903,0.178417,2.92398
,,0.054851,2.43472,0.213863,2.95218
,,0.0915426,2.45917,,
,,0.129479,2.48299,,
,,0.166792,2.50869,,
,,0.202238,2.53564,,
,,0.237684,2.56259,,
,,0.27562,2.58704,,
